(kicad_pcb (version 20171130) (host pcbnew "(5.1.4)-1")

  (general
    (thickness 1.6002)
    (drawings 51)
    (tracks 331)
    (zones 0)
    (modules 33)
    (nets 53)
  )

  (page A4)
  (title_block
    (title "Mesure Poids ADS1241 - HTIT-WSL_V3")
    (date 2023-08-30)
    (rev V4)
    (company ADTP)
    (comment 1 "Picolli board avec ajout de capteur de T°")
  )

  (layers
    (0 Front signal)
    (1 In1.Cu signal)
    (2 In2.Cu signal)
    (31 Back signal)
    (34 B.Paste user)
    (35 F.Paste user)
    (36 B.SilkS user)
    (37 F.SilkS user)
    (38 B.Mask user)
    (39 F.Mask user)
    (44 Edge.Cuts user)
    (45 Margin user)
    (46 B.CrtYd user hide)
    (47 F.CrtYd user hide)
    (49 F.Fab user hide)
  )

  (setup
    (last_trace_width 0.127)
    (user_trace_width 0.15)
    (user_trace_width 0.2)
    (user_trace_width 0.4)
    (user_trace_width 0.6)
    (trace_clearance 0.127)
    (zone_clearance 0.2)
    (zone_45_only no)
    (trace_min 0.127)
    (via_size 0.6)
    (via_drill 0.3)
    (via_min_size 0.6)
    (via_min_drill 0.3)
    (user_via 0.6 0.3)
    (user_via 0.9 0.4)
    (uvia_size 0.6858)
    (uvia_drill 0.3302)
    (uvias_allowed no)
    (uvia_min_size 0.2)
    (uvia_min_drill 0.1)
    (edge_width 0.0381)
    (segment_width 0.254)
    (pcb_text_width 0.3048)
    (pcb_text_size 1.524 1.524)
    (mod_edge_width 0.1524)
    (mod_text_size 0.8128 0.8128)
    (mod_text_width 0.1524)
    (pad_size 1.15 1.4)
    (pad_drill 0)
    (pad_to_mask_clearance 0)
    (solder_mask_min_width 0.12)
    (aux_axis_origin 0 0)
    (visible_elements 7FFFFF7F)
    (pcbplotparams
      (layerselection 0x010fc_ffffffff)
      (usegerberextensions false)
      (usegerberattributes false)
      (usegerberadvancedattributes false)
      (creategerberjobfile false)
      (excludeedgelayer true)
      (linewidth 0.100000)
      (plotframeref false)
      (viasonmask false)
      (mode 1)
      (useauxorigin false)
      (hpglpennumber 1)
      (hpglpenspeed 20)
      (hpglpendiameter 15.000000)
      (psnegative false)
      (psa4output false)
      (plotreference true)
      (plotvalue true)
      (plotinvisibletext false)
      (padsonsilk false)
      (subtractmaskfromsilk false)
      (outputformat 1)
      (mirror false)
      (drillshape 0)
      (scaleselection 1)
      (outputdirectory "../OUTPUT/GERBER/"))
  )

  (net 0 "")
  (net 1 GND)
  (net 2 /AIN1)
  (net 3 /AIN4)
  (net 4 /AIN6)
  (net 5 /AIN2)
  (net 6 /AIN0)
  (net 7 /AIN5)
  (net 8 /AIN7)
  (net 9 /AIN3)
  (net 10 /3V3)
  (net 11 "Net-(C14-Pad2)")
  (net 12 "Net-(C15-Pad1)")
  (net 13 /GND_LowPower)
  (net 14 "Net-(J10-Pad3)")
  (net 15 "Net-(J1-Pad01)")
  (net 16 "Net-(J1-Pad02)")
  (net 17 "Net-(J1-Pad04)")
  (net 18 "Net-(J1-Pad05)")
  (net 19 "Net-(J1-Pad06)")
  (net 20 "Net-(J1-Pad13)")
  (net 21 "Net-(J1-Pad14)")
  (net 22 "Net-(J1-Pad15)")
  (net 23 "Net-(J1-Pad16)")
  (net 24 "Net-(J1-Pad17)")
  (net 25 "Net-(J1-Pad18)")
  (net 26 "Net-(J1-Pad19)")
  (net 27 "Net-(J1-Pad20)")
  (net 28 "Net-(J6-Pad04)")
  (net 29 "Net-(J6-Pad05)")
  (net 30 "Net-(J6-Pad06)")
  (net 31 "Net-(J6-Pad07)")
  (net 32 "Net-(J6-Pad08)")
  (net 33 "Net-(J6-Pad13)")
  (net 34 "Net-(J6-Pad14)")
  (net 35 "Net-(J6-Pad15)")
  (net 36 "Net-(J6-Pad16)")
  (net 37 "Net-(J6-Pad18)")
  (net 38 "Net-(J6-Pad19)")
  (net 39 /12V)
  (net 40 /VDD_5V)
  (net 41 /IO4_VBAT_12V)
  (net 42 /IO34_CS)
  (net 43 /IO35_MOSI)
  (net 44 /IO36_SCLK)
  (net 45 /IO37_MISO)
  (net 46 /IO38_PDWN)
  (net 47 /IO39_DRDY)
  (net 48 /IO18_SCL)
  (net 49 /IO21_SHT_RST)
  (net 50 /IO19_SHT_ALERT)
  (net 51 /IO17_SDA)
  (net 52 /IO7_CMD_MOS)

  (net_class Default "This is the default net class."
    (clearance 0.127)
    (trace_width 0.127)
    (via_dia 0.6)
    (via_drill 0.3)
    (uvia_dia 0.6858)
    (uvia_drill 0.3302)
    (diff_pair_width 0.1524)
    (diff_pair_gap 0.254)
    (add_net /12V)
    (add_net /3V3)
    (add_net /AIN0)
    (add_net /AIN1)
    (add_net /AIN2)
    (add_net /AIN3)
    (add_net /AIN4)
    (add_net /AIN5)
    (add_net /AIN6)
    (add_net /AIN7)
    (add_net /GND_LowPower)
    (add_net /IO17_SDA)
    (add_net /IO18_SCL)
    (add_net /IO19_SHT_ALERT)
    (add_net /IO21_SHT_RST)
    (add_net /IO34_CS)
    (add_net /IO35_MOSI)
    (add_net /IO36_SCLK)
    (add_net /IO37_MISO)
    (add_net /IO38_PDWN)
    (add_net /IO39_DRDY)
    (add_net /IO4_VBAT_12V)
    (add_net /IO7_CMD_MOS)
    (add_net /VDD_5V)
    (add_net GND)
    (add_net "Net-(C14-Pad2)")
    (add_net "Net-(C15-Pad1)")
    (add_net "Net-(J1-Pad01)")
    (add_net "Net-(J1-Pad02)")
    (add_net "Net-(J1-Pad04)")
    (add_net "Net-(J1-Pad05)")
    (add_net "Net-(J1-Pad06)")
    (add_net "Net-(J1-Pad13)")
    (add_net "Net-(J1-Pad14)")
    (add_net "Net-(J1-Pad15)")
    (add_net "Net-(J1-Pad16)")
    (add_net "Net-(J1-Pad17)")
    (add_net "Net-(J1-Pad18)")
    (add_net "Net-(J1-Pad19)")
    (add_net "Net-(J1-Pad20)")
    (add_net "Net-(J10-Pad3)")
    (add_net "Net-(J6-Pad04)")
    (add_net "Net-(J6-Pad05)")
    (add_net "Net-(J6-Pad06)")
    (add_net "Net-(J6-Pad07)")
    (add_net "Net-(J6-Pad08)")
    (add_net "Net-(J6-Pad13)")
    (add_net "Net-(J6-Pad14)")
    (add_net "Net-(J6-Pad15)")
    (add_net "Net-(J6-Pad16)")
    (add_net "Net-(J6-Pad18)")
    (add_net "Net-(J6-Pad19)")
  )

  (module USMB_Syl_Mont:ADS1241 (layer Front) (tedit 5F91A2D3) (tstamp 609A39D7)
    (at 171.45 87.9 270)
    (path /6081276C)
    (fp_text reference U1 (at 0.1 12.95 180) (layer F.SilkS)
      (effects (font (size 1 1) (thickness 0.15)))
    )
    (fp_text value ADS1241 (at 0 -0.5 90) (layer F.Fab) hide
      (effects (font (size 1 1) (thickness 0.15)))
    )
    (fp_line (start -4.75 0.85) (end 4.75 0.85) (layer F.CrtYd) (width 0.05))
    (fp_line (start 2.65 1.25) (end 2.65 11.45) (layer F.Fab) (width 0.15))
    (fp_line (start 2.875 1.025) (end 2.875 1.675) (layer F.SilkS) (width 0.15))
    (fp_line (start -2.875 1.6) (end -4.475 1.6) (layer F.SilkS) (width 0.15))
    (fp_line (start -2.65 2.25) (end -1.65 1.25) (layer F.Fab) (width 0.15))
    (fp_line (start -2.65 11.45) (end -2.65 2.25) (layer F.Fab) (width 0.15))
    (fp_line (start -1.65 1.25) (end 2.65 1.25) (layer F.Fab) (width 0.15))
    (fp_line (start -2.875 1.025) (end 2.875 1.025) (layer F.SilkS) (width 0.15))
    (fp_line (start -4.75 0.85) (end -4.75 11.85) (layer F.CrtYd) (width 0.05))
    (fp_line (start 2.875 11.675) (end 2.875 11.025) (layer F.SilkS) (width 0.15))
    (fp_line (start -2.875 1.025) (end -2.875 1.6) (layer F.SilkS) (width 0.15))
    (fp_line (start -2.875 11.675) (end 2.875 11.675) (layer F.SilkS) (width 0.15))
    (fp_line (start -4.75 11.85) (end 4.75 11.85) (layer F.CrtYd) (width 0.05))
    (fp_line (start 4.75 0.85) (end 4.75 11.85) (layer F.CrtYd) (width 0.05))
    (fp_line (start -2.875 11.675) (end -2.875 11.025) (layer F.SilkS) (width 0.15))
    (fp_line (start 2.65 11.45) (end -2.65 11.45) (layer F.Fab) (width 0.15))
    (pad 14 smd rect (at -3.6 10.575 270) (size 1.75 0.45) (layers Front F.Paste F.Mask)
      (net 7 /AIN5))
    (pad 28 smd rect (at 3.6 2.125 270) (size 1.75 0.45) (layers Front F.Paste F.Mask)
      (net 1 GND))
    (pad 6 smd rect (at -3.6 5.375 270) (size 1.75 0.45) (layers Front F.Paste F.Mask))
    (pad 24 smd rect (at 3.6 4.725 270) (size 1.75 0.45) (layers Front F.Paste F.Mask)
      (net 43 /IO35_MOSI))
    (pad 26 smd rect (at 3.6 3.425 270) (size 1.75 0.45) (layers Front F.Paste F.Mask)
      (net 44 /IO36_SCLK))
    (pad 11 smd rect (at -3.6 8.625 270) (size 1.75 0.45) (layers Front F.Paste F.Mask)
      (net 6 /AIN0))
    (pad 17 smd rect (at 3.6 9.275 270) (size 1.75 0.45) (layers Front F.Paste F.Mask)
      (net 5 /AIN2))
    (pad 12 smd rect (at -3.6 9.275 270) (size 1.75 0.45) (layers Front F.Paste F.Mask)
      (net 2 /AIN1))
    (pad 9 smd rect (at -3.6 7.325 270) (size 1.75 0.45) (layers Front F.Paste F.Mask)
      (net 10 /3V3))
    (pad 15 smd rect (at 3.6 10.575 270) (size 1.75 0.45) (layers Front F.Paste F.Mask)
      (net 4 /AIN6))
    (pad 19 smd rect (at 3.6 7.975 270) (size 1.75 0.45) (layers Front F.Paste F.Mask)
      (net 1 GND))
    (pad 20 smd rect (at 3.6 7.325 270) (size 1.75 0.45) (layers Front F.Paste F.Mask)
      (net 1 GND))
    (pad 10 smd rect (at -3.6 7.975 270) (size 1.75 0.45) (layers Front F.Paste F.Mask)
      (net 1 GND))
    (pad 22 smd rect (at 3.6 6.025 270) (size 1.75 0.45) (layers Front F.Paste F.Mask)
      (net 1 GND))
    (pad 7 smd rect (at -3.6 6.025 270) (size 1.75 0.45) (layers Front F.Paste F.Mask)
      (net 46 /IO38_PDWN))
    (pad 21 smd rect (at 3.6 6.675 270) (size 1.75 0.45) (layers Front F.Paste F.Mask)
      (net 10 /3V3))
    (pad 16 smd rect (at 3.6 9.925 270) (size 1.75 0.45) (layers Front F.Paste F.Mask)
      (net 8 /AIN7))
    (pad 23 smd rect (at 3.6 5.375 270) (size 1.75 0.45) (layers Front F.Paste F.Mask)
      (net 42 /IO34_CS))
    (pad 18 smd rect (at 3.6 8.625 270) (size 1.75 0.45) (layers Front F.Paste F.Mask)
      (net 9 /AIN3))
    (pad 27 smd rect (at 3.6 2.775 270) (size 1.75 0.45) (layers Front F.Paste F.Mask)
      (net 47 /IO39_DRDY))
    (pad 8 smd rect (at -3.6 6.675 270) (size 1.75 0.45) (layers Front F.Paste F.Mask))
    (pad 25 smd rect (at 3.6 4.075 270) (size 1.75 0.45) (layers Front F.Paste F.Mask)
      (net 45 /IO37_MISO))
    (pad 13 smd rect (at -3.6 9.925 270) (size 1.75 0.45) (layers Front F.Paste F.Mask)
      (net 3 /AIN4))
    (pad 1 smd rect (at -3.6 2.125 270) (size 1.75 0.45) (layers Front F.Paste F.Mask)
      (net 10 /3V3))
    (pad 3 smd rect (at -3.6 3.425 270) (size 1.75 0.45) (layers Front F.Paste F.Mask)
      (net 11 "Net-(C14-Pad2)"))
    (pad 2 smd rect (at -3.6 2.775 270) (size 1.75 0.45) (layers Front F.Paste F.Mask)
      (net 1 GND))
    (pad 5 smd rect (at -3.6 4.725 270) (size 1.75 0.45) (layers Front F.Paste F.Mask)
      (net 10 /3V3))
    (pad 4 smd rect (at -3.6 4.075 270) (size 1.75 0.45) (layers Front F.Paste F.Mask)
      (net 12 "Net-(C15-Pad1)"))
    (model "D:/Documents/ADTP/ADTP Projet/Git/Ruche_V4/Libs/ADS1241E.STEP"
      (offset (xyz 0 -6.35 0))
      (scale (xyz 1 1 1))
      (rotate (xyz -90 0 0))
    )
  )

  (module Jumper:SolderJumper-2_P1.3mm_Open_RoundedPad1.0x1.5mm (layer Front) (tedit 5B391E66) (tstamp 609A34E9)
    (at 164.5 114.75 180)
    (descr "SMD Solder Jumper, 1x1.5mm, rounded Pads, 0.3mm gap, open")
    (tags "solder jumper open")
    (path /609AB68F)
    (attr virtual)
    (fp_text reference JP1 (at -0.1 -1.85) (layer F.SilkS)
      (effects (font (size 1 1) (thickness 0.15)))
    )
    (fp_text value SolderJumper_2_Open (at 0 1.9) (layer F.Fab)
      (effects (font (size 1 1) (thickness 0.15)))
    )
    (fp_line (start -1.4 0.3) (end -1.4 -0.3) (layer F.SilkS) (width 0.12))
    (fp_line (start 0.7 1) (end -0.7 1) (layer F.SilkS) (width 0.12))
    (fp_line (start 1.4 -0.3) (end 1.4 0.3) (layer F.SilkS) (width 0.12))
    (fp_line (start -0.7 -1) (end 0.7 -1) (layer F.SilkS) (width 0.12))
    (fp_line (start -1.65 -1.25) (end 1.65 -1.25) (layer F.CrtYd) (width 0.05))
    (fp_line (start -1.65 -1.25) (end -1.65 1.25) (layer F.CrtYd) (width 0.05))
    (fp_line (start 1.65 1.25) (end 1.65 -1.25) (layer F.CrtYd) (width 0.05))
    (fp_line (start 1.65 1.25) (end -1.65 1.25) (layer F.CrtYd) (width 0.05))
    (fp_arc (start -0.7 -0.3) (end -0.7 -1) (angle -90) (layer F.SilkS) (width 0.12))
    (fp_arc (start -0.7 0.3) (end -1.4 0.3) (angle -90) (layer F.SilkS) (width 0.12))
    (fp_arc (start 0.7 0.3) (end 0.7 1) (angle -90) (layer F.SilkS) (width 0.12))
    (fp_arc (start 0.7 -0.3) (end 1.4 -0.3) (angle -90) (layer F.SilkS) (width 0.12))
    (pad 2 smd custom (at 0.65 0 180) (size 1 0.5) (layers Front F.Mask)
      (net 1 GND) (zone_connect 2)
      (options (clearance outline) (anchor rect))
      (primitives
        (gr_circle (center 0 0.25) (end 0.5 0.25) (width 0))
        (gr_circle (center 0 -0.25) (end 0.5 -0.25) (width 0))
        (gr_poly (pts
           (xy 0 -0.75) (xy -0.5 -0.75) (xy -0.5 0.75) (xy 0 0.75)) (width 0))
      ))
    (pad 1 smd custom (at -0.65 0 180) (size 1 0.5) (layers Front F.Mask)
      (net 13 /GND_LowPower) (zone_connect 2)
      (options (clearance outline) (anchor rect))
      (primitives
        (gr_circle (center 0 0.25) (end 0.5 0.25) (width 0))
        (gr_circle (center 0 -0.25) (end 0.5 -0.25) (width 0))
        (gr_poly (pts
           (xy 0 -0.75) (xy 0.5 -0.75) (xy 0.5 0.75) (xy 0 0.75)) (width 0))
      ))
  )

  (module USMB_Syl_Mont:Crystal-4Mhz-TH-Wurth-830027298B (layer Front) (tedit 609442DF) (tstamp 609A36A1)
    (at 165.762 76.15 180)
    (path /60812CDF)
    (fp_text reference Y1 (at 5 0) (layer F.SilkS)
      (effects (font (size 1 1) (thickness 0.15)))
    )
    (fp_text value Crystal (at 0.0616 -1.5) (layer F.Fab)
      (effects (font (size 1 1) (thickness 0.15)))
    )
    (fp_line (start -6.096 -2.54) (end -0.381 -2.54) (layer F.CrtYd) (width 0.12))
    (fp_line (start -6.096 2.54) (end -6.096 -2.54) (layer F.CrtYd) (width 0.12))
    (fp_line (start 6.223 2.54) (end -6.096 2.54) (layer F.CrtYd) (width 0.12))
    (fp_line (start 6.223 -2.54) (end 6.223 2.54) (layer F.CrtYd) (width 0.12))
    (fp_line (start -0.381 -2.54) (end 6.223 -2.54) (layer F.CrtYd) (width 0.12))
    (fp_line (start 3.6068 -2.3368) (end -3.5052 -2.3368) (layer F.Fab) (width 0.12))
    (fp_line (start -3.5052 2.3368) (end 3.6068 2.3368) (layer F.Fab) (width 0.12))
    (fp_arc (start 3.6068 0) (end 3.6068 2.3368) (angle -180) (layer F.Fab) (width 0.12))
    (fp_arc (start -3.5052 0) (end -3.5052 -2.3368) (angle -180) (layer F.Fab) (width 0.12))
    (pad 2 thru_hole circle (at 2.4384 0 180) (size 1.524 1.524) (drill 0.762) (layers *.Cu *.Mask)
      (net 12 "Net-(C15-Pad1)"))
    (pad 1 thru_hole circle (at -2.4384 0 180) (size 1.524 1.524) (drill 0.762) (layers *.Cu *.Mask)
      (net 11 "Net-(C14-Pad2)"))
  )

  (module "USMB_Syl_Mont:TermBlock_1x04_P3.50mm Wurth_691412120004B" (layer Front) (tedit 608D2325) (tstamp 609A5826)
    (at 182.228 108.349 90)
    (descr "<b>WR-TBL Serie 412B - 3.50 mm Screwless 45° Entry - 2.1 mm 2 Wires <br></b>Max Height = 12.8mm , Pitch 3.5mm , 4pins")
    (path /609ACB49)
    (fp_text reference J3 (at -1 -6.135 90) (layer F.SilkS) hide
      (effects (font (size 1 1) (thickness 0.015)))
    )
    (fp_text value 691412120004B (at 3.755 8.865 90) (layer F.Fab) hide
      (effects (font (size 1 1) (thickness 0.015)))
    )
    (fp_circle (center -7 3.7) (end -6.9 3.7) (layer F.SilkS) (width 0.4))
    (fp_poly (pts (xy -8.95 -5.1) (xy 7.15 -5.1) (xy 7.15 7.5) (xy -8.95 7.5)) (layer F.CrtYd) (width 0.1))
    (fp_line (start -8.75 7.3) (end -8.75 -4.9) (layer F.SilkS) (width 0.2))
    (fp_line (start 6.95 7.3) (end -8.75 7.3) (layer F.SilkS) (width 0.2))
    (fp_line (start 6.95 -4.9) (end 6.95 7.3) (layer F.SilkS) (width 0.2))
    (fp_line (start -8.75 -4.9) (end 6.95 -4.9) (layer F.SilkS) (width 0.2))
    (fp_line (start 6.85 7.2) (end -8.65 7.2) (layer F.Fab) (width 0.1))
    (fp_line (start 6.85 -4.8) (end 6.85 7.2) (layer F.Fab) (width 0.1))
    (fp_line (start -8.65 -4.8) (end 6.85 -4.8) (layer F.Fab) (width 0.1))
    (fp_line (start -8.65 7.2) (end -8.65 -4.8) (layer F.Fab) (width 0.1))
    (fp_text user 2 (at -2.1 -0.2 90) (layer Dwgs.User)
      (effects (font (size 0.8 0.8) (thickness 0.015)))
    )
    (fp_text user 4 (at 4.9 -0.2 90) (layer Dwgs.User)
      (effects (font (size 0.8 0.8) (thickness 0.015)))
    )
    (fp_text user 1 (at -5.65 5.05 90) (layer Dwgs.User)
      (effects (font (size 0.8 0.8) (thickness 0.015)))
    )
    (pad 4 thru_hole circle (at 5.25 -2.6 90) (size 1.8 1.8) (drill 1.2) (layers *.Cu *.Mask)
      (net 8 /AIN7))
    (pad 3 thru_hole circle (at 1.75 2.6 90) (size 1.8 1.8) (drill 1.2) (layers *.Cu *.Mask)
      (net 4 /AIN6))
    (pad 2 thru_hole circle (at -1.75 -2.6 90) (size 1.8 1.8) (drill 1.2) (layers *.Cu *.Mask)
      (net 13 /GND_LowPower))
    (pad 1 thru_hole circle (at -5.25 2.6 90) (size 1.8 1.8) (drill 1.2) (layers *.Cu *.Mask)
      (net 10 /3V3))
    (model "D:/Documents/ADTP/ADTP Projet/Git/SHT30-DIS-B/691412120004b.stp"
      (offset (xyz -5.5 -1 5))
      (scale (xyz 1 1 1))
      (rotate (xyz 0 0 0))
    )
  )

  (module "USMB_Syl_Mont:TermBlock_1x04_P3.50mm Wurth_691412120004B" (layer Front) (tedit 608D2325) (tstamp 608DD2D0)
    (at 182 74.5 90)
    (descr "<b>WR-TBL Serie 412B - 3.50 mm Screwless 45° Entry - 2.1 mm 2 Wires <br></b>Max Height = 12.8mm , Pitch 3.5mm , 4pins")
    (path /608E7BAB)
    (fp_text reference J5 (at -1 -6.135 90) (layer F.SilkS) hide
      (effects (font (size 1 1) (thickness 0.015)))
    )
    (fp_text value 691412120004B (at 3.755 8.865 90) (layer F.Fab) hide
      (effects (font (size 1 1) (thickness 0.015)))
    )
    (fp_circle (center -7 3.7) (end -6.9 3.7) (layer F.SilkS) (width 0.4))
    (fp_poly (pts (xy -8.95 -5.1) (xy 7.15 -5.1) (xy 7.15 7.5) (xy -8.95 7.5)) (layer F.CrtYd) (width 0.1))
    (fp_line (start -8.75 7.3) (end -8.75 -4.9) (layer F.SilkS) (width 0.2))
    (fp_line (start 6.95 7.3) (end -8.75 7.3) (layer F.SilkS) (width 0.2))
    (fp_line (start 6.95 -4.9) (end 6.95 7.3) (layer F.SilkS) (width 0.2))
    (fp_line (start -8.75 -4.9) (end 6.95 -4.9) (layer F.SilkS) (width 0.2))
    (fp_line (start 6.85 7.2) (end -8.65 7.2) (layer F.Fab) (width 0.1))
    (fp_line (start 6.85 -4.8) (end 6.85 7.2) (layer F.Fab) (width 0.1))
    (fp_line (start -8.65 -4.8) (end 6.85 -4.8) (layer F.Fab) (width 0.1))
    (fp_line (start -8.65 7.2) (end -8.65 -4.8) (layer F.Fab) (width 0.1))
    (fp_text user 2 (at -2.1 -0.2 90) (layer Dwgs.User)
      (effects (font (size 0.8 0.8) (thickness 0.015)))
    )
    (fp_text user 4 (at 4.9 -0.2 90) (layer Dwgs.User)
      (effects (font (size 0.8 0.8) (thickness 0.015)))
    )
    (fp_text user 1 (at -5.65 5.05 90) (layer Dwgs.User)
      (effects (font (size 0.8 0.8) (thickness 0.015)))
    )
    (pad 4 thru_hole circle (at 5.25 -2.6 90) (size 1.8 1.8) (drill 1.2) (layers *.Cu *.Mask)
      (net 2 /AIN1))
    (pad 3 thru_hole circle (at 1.75 2.6 90) (size 1.8 1.8) (drill 1.2) (layers *.Cu *.Mask)
      (net 6 /AIN0))
    (pad 2 thru_hole circle (at -1.75 -2.6 90) (size 1.8 1.8) (drill 1.2) (layers *.Cu *.Mask)
      (net 13 /GND_LowPower))
    (pad 1 thru_hole circle (at -5.25 2.6 90) (size 1.8 1.8) (drill 1.2) (layers *.Cu *.Mask)
      (net 10 /3V3))
    (model "D:/Documents/ADTP/ADTP Projet/Git/SHT30-DIS-B/691412120004b.stp"
      (offset (xyz -5.5 -1 5))
      (scale (xyz 1 1 1))
      (rotate (xyz 0 0 0))
    )
  )

  (module Capacitor_SMD:C_0603_1608Metric_Pad1.05x0.95mm_HandSolder (layer Front) (tedit 5B301BBE) (tstamp 609A3A45)
    (at 159.075 93.65 180)
    (descr "Capacitor SMD 0603 (1608 Metric), square (rectangular) end terminal, IPC_7351 nominal with elongated pad for handsoldering. (Body size source: http://www.tortai-tech.com/upload/download/2011102023233369053.pdf), generated with kicad-footprint-generator")
    (tags "capacitor handsolder")
    (path /609ACB18)
    (attr smd)
    (fp_text reference C7 (at 2.875 0) (layer F.SilkS)
      (effects (font (size 1 1) (thickness 0.15)))
    )
    (fp_text value 10nF (at 0 1.43) (layer F.Fab)
      (effects (font (size 1 1) (thickness 0.15)))
    )
    (fp_line (start 1.65 0.73) (end -1.65 0.73) (layer F.CrtYd) (width 0.05))
    (fp_line (start 1.65 -0.73) (end 1.65 0.73) (layer F.CrtYd) (width 0.05))
    (fp_line (start -1.65 -0.73) (end 1.65 -0.73) (layer F.CrtYd) (width 0.05))
    (fp_line (start -1.65 0.73) (end -1.65 -0.73) (layer F.CrtYd) (width 0.05))
    (fp_line (start -0.171267 0.51) (end 0.171267 0.51) (layer F.SilkS) (width 0.12))
    (fp_line (start -0.171267 -0.51) (end 0.171267 -0.51) (layer F.SilkS) (width 0.12))
    (fp_line (start 0.8 0.4) (end -0.8 0.4) (layer F.Fab) (width 0.1))
    (fp_line (start 0.8 -0.4) (end 0.8 0.4) (layer F.Fab) (width 0.1))
    (fp_line (start -0.8 -0.4) (end 0.8 -0.4) (layer F.Fab) (width 0.1))
    (fp_line (start -0.8 0.4) (end -0.8 -0.4) (layer F.Fab) (width 0.1))
    (fp_text user %R (at 0 0) (layer F.Fab)
      (effects (font (size 0.4 0.4) (thickness 0.06)))
    )
    (pad 2 smd roundrect (at 0.875 0 180) (size 1.05 0.95) (layers Front F.Paste F.Mask) (roundrect_rratio 0.25)
      (net 1 GND))
    (pad 1 smd roundrect (at -0.875 0 180) (size 1.05 0.95) (layers Front F.Paste F.Mask) (roundrect_rratio 0.25)
      (net 8 /AIN7))
    (model ${KISYS3DMOD}/Capacitor_SMD.3dshapes/C_0603_1608Metric.wrl
      (at (xyz 0 0 0))
      (scale (xyz 1 1 1))
      (rotate (xyz 0 0 0))
    )
  )

  (module "USMB_Syl_Mont:TermBlock_1x04_P3.50mm Wurth_691412120004B" (layer Front) (tedit 608D2325) (tstamp 608DE581)
    (at 181.978 91.5342 90)
    (descr "<b>WR-TBL Serie 412B - 3.50 mm Screwless 45° Entry - 2.1 mm 2 Wires <br></b>Max Height = 12.8mm , Pitch 3.5mm , 4pins")
    (path /60985811)
    (fp_text reference J4 (at -1 -6.135 90) (layer F.SilkS) hide
      (effects (font (size 1 1) (thickness 0.015)))
    )
    (fp_text value 691412120004B (at 3.755 8.865 90) (layer F.Fab) hide
      (effects (font (size 1 1) (thickness 0.015)))
    )
    (fp_line (start -8.65 7.2) (end -8.65 -4.8) (layer F.Fab) (width 0.1))
    (fp_line (start -8.65 -4.8) (end 6.85 -4.8) (layer F.Fab) (width 0.1))
    (fp_line (start 6.85 -4.8) (end 6.85 7.2) (layer F.Fab) (width 0.1))
    (fp_line (start 6.85 7.2) (end -8.65 7.2) (layer F.Fab) (width 0.1))
    (fp_line (start -8.75 -4.9) (end 6.95 -4.9) (layer F.SilkS) (width 0.2))
    (fp_line (start 6.95 -4.9) (end 6.95 7.3) (layer F.SilkS) (width 0.2))
    (fp_line (start 6.95 7.3) (end -8.75 7.3) (layer F.SilkS) (width 0.2))
    (fp_line (start -8.75 7.3) (end -8.75 -4.9) (layer F.SilkS) (width 0.2))
    (fp_poly (pts (xy -8.95 -5.1) (xy 7.15 -5.1) (xy 7.15 7.5) (xy -8.95 7.5)) (layer F.CrtYd) (width 0.1))
    (fp_circle (center -7 3.7) (end -6.9 3.7) (layer F.SilkS) (width 0.4))
    (fp_text user 1 (at -5.65 5.05 90) (layer Dwgs.User)
      (effects (font (size 0.8 0.8) (thickness 0.015)))
    )
    (fp_text user 4 (at 4.9 -0.2 90) (layer Dwgs.User)
      (effects (font (size 0.8 0.8) (thickness 0.015)))
    )
    (fp_text user 2 (at -2.1 -0.2 90) (layer Dwgs.User)
      (effects (font (size 0.8 0.8) (thickness 0.015)))
    )
    (pad 1 thru_hole circle (at -5.25 2.6 90) (size 1.8 1.8) (drill 1.2) (layers *.Cu *.Mask)
      (net 10 /3V3))
    (pad 2 thru_hole circle (at -1.75 -2.6 90) (size 1.8 1.8) (drill 1.2) (layers *.Cu *.Mask)
      (net 13 /GND_LowPower))
    (pad 3 thru_hole circle (at 1.75 2.6 90) (size 1.8 1.8) (drill 1.2) (layers *.Cu *.Mask)
      (net 5 /AIN2))
    (pad 4 thru_hole circle (at 5.25 -2.6 90) (size 1.8 1.8) (drill 1.2) (layers *.Cu *.Mask)
      (net 9 /AIN3))
    (model "D:/Documents/ADTP/ADTP Projet/Git/SHT30-DIS-B/691412120004b.stp"
      (offset (xyz -5.5 -1 5))
      (scale (xyz 1 1 1))
      (rotate (xyz 0 0 0))
    )
  )

  (module Capacitor_SMD:C_0603_1608Metric_Pad1.05x0.95mm_HandSolder (layer Front) (tedit 5B301BBE) (tstamp 609A3B05)
    (at 161.7 81.025 90)
    (descr "Capacitor SMD 0603 (1608 Metric), square (rectangular) end terminal, IPC_7351 nominal with elongated pad for handsoldering. (Body size source: http://www.tortai-tech.com/upload/download/2011102023233369053.pdf), generated with kicad-footprint-generator")
    (tags "capacitor handsolder")
    (path /608437BC)
    (attr smd)
    (fp_text reference C1 (at 2.325 -0.5) (layer F.SilkS)
      (effects (font (size 1 1) (thickness 0.15)))
    )
    (fp_text value 10nF (at 0 1.43 90) (layer F.Fab)
      (effects (font (size 1 1) (thickness 0.15)))
    )
    (fp_line (start 1.65 0.73) (end -1.65 0.73) (layer F.CrtYd) (width 0.05))
    (fp_line (start 1.65 -0.73) (end 1.65 0.73) (layer F.CrtYd) (width 0.05))
    (fp_line (start -1.65 -0.73) (end 1.65 -0.73) (layer F.CrtYd) (width 0.05))
    (fp_line (start -1.65 0.73) (end -1.65 -0.73) (layer F.CrtYd) (width 0.05))
    (fp_line (start -0.171267 0.51) (end 0.171267 0.51) (layer F.SilkS) (width 0.12))
    (fp_line (start -0.171267 -0.51) (end 0.171267 -0.51) (layer F.SilkS) (width 0.12))
    (fp_line (start 0.8 0.4) (end -0.8 0.4) (layer F.Fab) (width 0.1))
    (fp_line (start 0.8 -0.4) (end 0.8 0.4) (layer F.Fab) (width 0.1))
    (fp_line (start -0.8 -0.4) (end 0.8 -0.4) (layer F.Fab) (width 0.1))
    (fp_line (start -0.8 0.4) (end -0.8 -0.4) (layer F.Fab) (width 0.1))
    (fp_text user %R (at 0 0 90) (layer F.Fab)
      (effects (font (size 0.4 0.4) (thickness 0.06)))
    )
    (pad 2 smd roundrect (at 0.875 0 90) (size 1.05 0.95) (layers Front F.Paste F.Mask) (roundrect_rratio 0.25)
      (net 1 GND))
    (pad 1 smd roundrect (at -0.875 0 90) (size 1.05 0.95) (layers Front F.Paste F.Mask) (roundrect_rratio 0.25)
      (net 2 /AIN1))
    (model ${KISYS3DMOD}/Capacitor_SMD.3dshapes/C_0603_1608Metric.wrl
      (at (xyz 0 0 0))
      (scale (xyz 1 1 1))
      (rotate (xyz 0 0 0))
    )
  )

  (module Capacitor_SMD:C_0603_1608Metric_Pad1.05x0.95mm_HandSolder (layer Front) (tedit 5B301BBE) (tstamp 609A3AD5)
    (at 159.075 82.15 180)
    (descr "Capacitor SMD 0603 (1608 Metric), square (rectangular) end terminal, IPC_7351 nominal with elongated pad for handsoldering. (Body size source: http://www.tortai-tech.com/upload/download/2011102023233369053.pdf), generated with kicad-footprint-generator")
    (tags "capacitor handsolder")
    (path /60999AF9)
    (attr smd)
    (fp_text reference C2 (at 0.125 1.5) (layer F.SilkS)
      (effects (font (size 1 1) (thickness 0.15)))
    )
    (fp_text value 10nF (at 0 1.43) (layer F.Fab)
      (effects (font (size 1 1) (thickness 0.15)))
    )
    (fp_line (start 1.65 0.73) (end -1.65 0.73) (layer F.CrtYd) (width 0.05))
    (fp_line (start 1.65 -0.73) (end 1.65 0.73) (layer F.CrtYd) (width 0.05))
    (fp_line (start -1.65 -0.73) (end 1.65 -0.73) (layer F.CrtYd) (width 0.05))
    (fp_line (start -1.65 0.73) (end -1.65 -0.73) (layer F.CrtYd) (width 0.05))
    (fp_line (start -0.171267 0.51) (end 0.171267 0.51) (layer F.SilkS) (width 0.12))
    (fp_line (start -0.171267 -0.51) (end 0.171267 -0.51) (layer F.SilkS) (width 0.12))
    (fp_line (start 0.8 0.4) (end -0.8 0.4) (layer F.Fab) (width 0.1))
    (fp_line (start 0.8 -0.4) (end 0.8 0.4) (layer F.Fab) (width 0.1))
    (fp_line (start -0.8 -0.4) (end 0.8 -0.4) (layer F.Fab) (width 0.1))
    (fp_line (start -0.8 0.4) (end -0.8 -0.4) (layer F.Fab) (width 0.1))
    (fp_text user %R (at 0 0) (layer F.Fab)
      (effects (font (size 0.4 0.4) (thickness 0.06)))
    )
    (pad 2 smd roundrect (at 0.875 0 180) (size 1.05 0.95) (layers Front F.Paste F.Mask) (roundrect_rratio 0.25)
      (net 1 GND))
    (pad 1 smd roundrect (at -0.875 0 180) (size 1.05 0.95) (layers Front F.Paste F.Mask) (roundrect_rratio 0.25)
      (net 3 /AIN4))
    (model ${KISYS3DMOD}/Capacitor_SMD.3dshapes/C_0603_1608Metric.wrl
      (at (xyz 0 0 0))
      (scale (xyz 1 1 1))
      (rotate (xyz 0 0 0))
    )
  )

  (module Capacitor_SMD:C_0603_1608Metric_Pad1.05x0.95mm_HandSolder (layer Front) (tedit 5B301BBE) (tstamp 609A3AA5)
    (at 158.15 90.575 90)
    (descr "Capacitor SMD 0603 (1608 Metric), square (rectangular) end terminal, IPC_7351 nominal with elongated pad for handsoldering. (Body size source: http://www.tortai-tech.com/upload/download/2011102023233369053.pdf), generated with kicad-footprint-generator")
    (tags "capacitor handsolder")
    (path /609ACB0E)
    (attr smd)
    (fp_text reference C3 (at 0 -2) (layer F.SilkS)
      (effects (font (size 1 1) (thickness 0.15)))
    )
    (fp_text value 10nF (at 0 1.43 90) (layer F.Fab)
      (effects (font (size 1 1) (thickness 0.15)))
    )
    (fp_line (start -0.8 0.4) (end -0.8 -0.4) (layer F.Fab) (width 0.1))
    (fp_line (start -0.8 -0.4) (end 0.8 -0.4) (layer F.Fab) (width 0.1))
    (fp_line (start 0.8 -0.4) (end 0.8 0.4) (layer F.Fab) (width 0.1))
    (fp_line (start 0.8 0.4) (end -0.8 0.4) (layer F.Fab) (width 0.1))
    (fp_line (start -0.171267 -0.51) (end 0.171267 -0.51) (layer F.SilkS) (width 0.12))
    (fp_line (start -0.171267 0.51) (end 0.171267 0.51) (layer F.SilkS) (width 0.12))
    (fp_line (start -1.65 0.73) (end -1.65 -0.73) (layer F.CrtYd) (width 0.05))
    (fp_line (start -1.65 -0.73) (end 1.65 -0.73) (layer F.CrtYd) (width 0.05))
    (fp_line (start 1.65 -0.73) (end 1.65 0.73) (layer F.CrtYd) (width 0.05))
    (fp_line (start 1.65 0.73) (end -1.65 0.73) (layer F.CrtYd) (width 0.05))
    (fp_text user %R (at 0 0 90) (layer F.Fab)
      (effects (font (size 0.4 0.4) (thickness 0.06)))
    )
    (pad 1 smd roundrect (at -0.875 0 90) (size 1.05 0.95) (layers Front F.Paste F.Mask) (roundrect_rratio 0.25)
      (net 4 /AIN6))
    (pad 2 smd roundrect (at 0.875 0 90) (size 1.05 0.95) (layers Front F.Paste F.Mask) (roundrect_rratio 0.25)
      (net 1 GND))
    (model ${KISYS3DMOD}/Capacitor_SMD.3dshapes/C_0603_1608Metric.wrl
      (at (xyz 0 0 0))
      (scale (xyz 1 1 1))
      (rotate (xyz 0 0 0))
    )
  )

  (module Capacitor_SMD:C_0603_1608Metric_Pad1.05x0.95mm_HandSolder (layer Front) (tedit 5B301BBE) (tstamp 609A3A75)
    (at 161.7 95.325 270)
    (descr "Capacitor SMD 0603 (1608 Metric), square (rectangular) end terminal, IPC_7351 nominal with elongated pad for handsoldering. (Body size source: http://www.tortai-tech.com/upload/download/2011102023233369053.pdf), generated with kicad-footprint-generator")
    (tags "capacitor handsolder")
    (path /609857D6)
    (attr smd)
    (fp_text reference C4 (at 2.475 0) (layer F.SilkS)
      (effects (font (size 1 1) (thickness 0.15)))
    )
    (fp_text value 10nF (at 0 1.43 90) (layer F.Fab)
      (effects (font (size 1 1) (thickness 0.15)))
    )
    (fp_line (start -0.8 0.4) (end -0.8 -0.4) (layer F.Fab) (width 0.1))
    (fp_line (start -0.8 -0.4) (end 0.8 -0.4) (layer F.Fab) (width 0.1))
    (fp_line (start 0.8 -0.4) (end 0.8 0.4) (layer F.Fab) (width 0.1))
    (fp_line (start 0.8 0.4) (end -0.8 0.4) (layer F.Fab) (width 0.1))
    (fp_line (start -0.171267 -0.51) (end 0.171267 -0.51) (layer F.SilkS) (width 0.12))
    (fp_line (start -0.171267 0.51) (end 0.171267 0.51) (layer F.SilkS) (width 0.12))
    (fp_line (start -1.65 0.73) (end -1.65 -0.73) (layer F.CrtYd) (width 0.05))
    (fp_line (start -1.65 -0.73) (end 1.65 -0.73) (layer F.CrtYd) (width 0.05))
    (fp_line (start 1.65 -0.73) (end 1.65 0.73) (layer F.CrtYd) (width 0.05))
    (fp_line (start 1.65 0.73) (end -1.65 0.73) (layer F.CrtYd) (width 0.05))
    (fp_text user %R (at 0 0 90) (layer F.Fab)
      (effects (font (size 0.4 0.4) (thickness 0.06)))
    )
    (pad 1 smd roundrect (at -0.875 0 270) (size 1.05 0.95) (layers Front F.Paste F.Mask) (roundrect_rratio 0.25)
      (net 5 /AIN2))
    (pad 2 smd roundrect (at 0.875 0 270) (size 1.05 0.95) (layers Front F.Paste F.Mask) (roundrect_rratio 0.25)
      (net 1 GND))
    (model ${KISYS3DMOD}/Capacitor_SMD.3dshapes/C_0603_1608Metric.wrl
      (at (xyz 0 0 0))
      (scale (xyz 1 1 1))
      (rotate (xyz 0 0 0))
    )
  )

  (module Capacitor_SMD:C_0603_1608Metric_Pad1.05x0.95mm_HandSolder (layer Front) (tedit 5B301BBE) (tstamp 609A3BC5)
    (at 163.45 81.025 90)
    (descr "Capacitor SMD 0603 (1608 Metric), square (rectangular) end terminal, IPC_7351 nominal with elongated pad for handsoldering. (Body size source: http://www.tortai-tech.com/upload/download/2011102023233369053.pdf), generated with kicad-footprint-generator")
    (tags "capacitor handsolder")
    (path /6083F014)
    (attr smd)
    (fp_text reference C5 (at 2.325 -0.05) (layer F.SilkS)
      (effects (font (size 1 1) (thickness 0.15)))
    )
    (fp_text value 10nF (at 0 1.43 90) (layer F.Fab)
      (effects (font (size 1 1) (thickness 0.15)))
    )
    (fp_line (start -0.8 0.4) (end -0.8 -0.4) (layer F.Fab) (width 0.1))
    (fp_line (start -0.8 -0.4) (end 0.8 -0.4) (layer F.Fab) (width 0.1))
    (fp_line (start 0.8 -0.4) (end 0.8 0.4) (layer F.Fab) (width 0.1))
    (fp_line (start 0.8 0.4) (end -0.8 0.4) (layer F.Fab) (width 0.1))
    (fp_line (start -0.171267 -0.51) (end 0.171267 -0.51) (layer F.SilkS) (width 0.12))
    (fp_line (start -0.171267 0.51) (end 0.171267 0.51) (layer F.SilkS) (width 0.12))
    (fp_line (start -1.65 0.73) (end -1.65 -0.73) (layer F.CrtYd) (width 0.05))
    (fp_line (start -1.65 -0.73) (end 1.65 -0.73) (layer F.CrtYd) (width 0.05))
    (fp_line (start 1.65 -0.73) (end 1.65 0.73) (layer F.CrtYd) (width 0.05))
    (fp_line (start 1.65 0.73) (end -1.65 0.73) (layer F.CrtYd) (width 0.05))
    (fp_text user %R (at 0 0 90) (layer F.Fab)
      (effects (font (size 0.4 0.4) (thickness 0.06)))
    )
    (pad 1 smd roundrect (at -0.875 0 90) (size 1.05 0.95) (layers Front F.Paste F.Mask) (roundrect_rratio 0.25)
      (net 6 /AIN0))
    (pad 2 smd roundrect (at 0.875 0 90) (size 1.05 0.95) (layers Front F.Paste F.Mask) (roundrect_rratio 0.25)
      (net 1 GND))
    (model ${KISYS3DMOD}/Capacitor_SMD.3dshapes/C_0603_1608Metric.wrl
      (at (xyz 0 0 0))
      (scale (xyz 1 1 1))
      (rotate (xyz 0 0 0))
    )
  )

  (module Capacitor_SMD:C_0603_1608Metric_Pad1.05x0.95mm_HandSolder (layer Front) (tedit 5B301BBE) (tstamp 609A3C55)
    (at 158.15 85.1 270)
    (descr "Capacitor SMD 0603 (1608 Metric), square (rectangular) end terminal, IPC_7351 nominal with elongated pad for handsoldering. (Body size source: http://www.tortai-tech.com/upload/download/2011102023233369053.pdf), generated with kicad-footprint-generator")
    (tags "capacitor handsolder")
    (path /60999B03)
    (attr smd)
    (fp_text reference C6 (at 0.05 1.95 180) (layer F.SilkS)
      (effects (font (size 1 1) (thickness 0.15)))
    )
    (fp_text value 10nF (at 0 1.43 90) (layer F.Fab)
      (effects (font (size 1 1) (thickness 0.15)))
    )
    (fp_line (start -0.8 0.4) (end -0.8 -0.4) (layer F.Fab) (width 0.1))
    (fp_line (start -0.8 -0.4) (end 0.8 -0.4) (layer F.Fab) (width 0.1))
    (fp_line (start 0.8 -0.4) (end 0.8 0.4) (layer F.Fab) (width 0.1))
    (fp_line (start 0.8 0.4) (end -0.8 0.4) (layer F.Fab) (width 0.1))
    (fp_line (start -0.171267 -0.51) (end 0.171267 -0.51) (layer F.SilkS) (width 0.12))
    (fp_line (start -0.171267 0.51) (end 0.171267 0.51) (layer F.SilkS) (width 0.12))
    (fp_line (start -1.65 0.73) (end -1.65 -0.73) (layer F.CrtYd) (width 0.05))
    (fp_line (start -1.65 -0.73) (end 1.65 -0.73) (layer F.CrtYd) (width 0.05))
    (fp_line (start 1.65 -0.73) (end 1.65 0.73) (layer F.CrtYd) (width 0.05))
    (fp_line (start 1.65 0.73) (end -1.65 0.73) (layer F.CrtYd) (width 0.05))
    (fp_text user %R (at 0 0 90) (layer F.Fab)
      (effects (font (size 0.4 0.4) (thickness 0.06)))
    )
    (pad 1 smd roundrect (at -0.875 0 270) (size 1.05 0.95) (layers Front F.Paste F.Mask) (roundrect_rratio 0.25)
      (net 7 /AIN5))
    (pad 2 smd roundrect (at 0.875 0 270) (size 1.05 0.95) (layers Front F.Paste F.Mask) (roundrect_rratio 0.25)
      (net 1 GND))
    (model ${KISYS3DMOD}/Capacitor_SMD.3dshapes/C_0603_1608Metric.wrl
      (at (xyz 0 0 0))
      (scale (xyz 1 1 1))
      (rotate (xyz 0 0 0))
    )
  )

  (module Capacitor_SMD:C_0603_1608Metric_Pad1.05x0.95mm_HandSolder (layer Front) (tedit 5B301BBE) (tstamp 609A3BF5)
    (at 163.8 95.325 270)
    (descr "Capacitor SMD 0603 (1608 Metric), square (rectangular) end terminal, IPC_7351 nominal with elongated pad for handsoldering. (Body size source: http://www.tortai-tech.com/upload/download/2011102023233369053.pdf), generated with kicad-footprint-generator")
    (tags "capacitor handsolder")
    (path /609857E0)
    (attr smd)
    (fp_text reference C8 (at 2.475 0 180) (layer F.SilkS)
      (effects (font (size 1 1) (thickness 0.15)))
    )
    (fp_text value 10nF (at 0 1.43 90) (layer F.Fab)
      (effects (font (size 1 1) (thickness 0.15)))
    )
    (fp_line (start 1.65 0.73) (end -1.65 0.73) (layer F.CrtYd) (width 0.05))
    (fp_line (start 1.65 -0.73) (end 1.65 0.73) (layer F.CrtYd) (width 0.05))
    (fp_line (start -1.65 -0.73) (end 1.65 -0.73) (layer F.CrtYd) (width 0.05))
    (fp_line (start -1.65 0.73) (end -1.65 -0.73) (layer F.CrtYd) (width 0.05))
    (fp_line (start -0.171267 0.51) (end 0.171267 0.51) (layer F.SilkS) (width 0.12))
    (fp_line (start -0.171267 -0.51) (end 0.171267 -0.51) (layer F.SilkS) (width 0.12))
    (fp_line (start 0.8 0.4) (end -0.8 0.4) (layer F.Fab) (width 0.1))
    (fp_line (start 0.8 -0.4) (end 0.8 0.4) (layer F.Fab) (width 0.1))
    (fp_line (start -0.8 -0.4) (end 0.8 -0.4) (layer F.Fab) (width 0.1))
    (fp_line (start -0.8 0.4) (end -0.8 -0.4) (layer F.Fab) (width 0.1))
    (fp_text user %R (at 0 0 90) (layer F.Fab)
      (effects (font (size 0.4 0.4) (thickness 0.06)))
    )
    (pad 2 smd roundrect (at 0.875 0 270) (size 1.05 0.95) (layers Front F.Paste F.Mask) (roundrect_rratio 0.25)
      (net 1 GND))
    (pad 1 smd roundrect (at -0.875 0 270) (size 1.05 0.95) (layers Front F.Paste F.Mask) (roundrect_rratio 0.25)
      (net 9 /AIN3))
    (model ${KISYS3DMOD}/Capacitor_SMD.3dshapes/C_0603_1608Metric.wrl
      (at (xyz 0 0 0))
      (scale (xyz 1 1 1))
      (rotate (xyz 0 0 0))
    )
  )

  (module Capacitor_SMD:C_0603_1608Metric_Pad1.05x0.95mm_HandSolder (layer Front) (tedit 5B301BBE) (tstamp 64EE622D)
    (at 158.2 70.6 90)
    (descr "Capacitor SMD 0603 (1608 Metric), square (rectangular) end terminal, IPC_7351 nominal with elongated pad for handsoldering. (Body size source: http://www.tortai-tech.com/upload/download/2011102023233369053.pdf), generated with kicad-footprint-generator")
    (tags "capacitor handsolder")
    (path /60908FE8)
    (attr smd)
    (fp_text reference C9 (at -2.5 0) (layer F.SilkS)
      (effects (font (size 1 1) (thickness 0.15)))
    )
    (fp_text value 100nF (at 0 1.43 270) (layer F.Fab)
      (effects (font (size 1 1) (thickness 0.15)))
    )
    (fp_line (start -0.8 0.4) (end -0.8 -0.4) (layer F.Fab) (width 0.1))
    (fp_line (start -0.8 -0.4) (end 0.8 -0.4) (layer F.Fab) (width 0.1))
    (fp_line (start 0.8 -0.4) (end 0.8 0.4) (layer F.Fab) (width 0.1))
    (fp_line (start 0.8 0.4) (end -0.8 0.4) (layer F.Fab) (width 0.1))
    (fp_line (start -0.171267 -0.51) (end 0.171267 -0.51) (layer F.SilkS) (width 0.12))
    (fp_line (start -0.171267 0.51) (end 0.171267 0.51) (layer F.SilkS) (width 0.12))
    (fp_line (start -1.65 0.73) (end -1.65 -0.73) (layer F.CrtYd) (width 0.05))
    (fp_line (start -1.65 -0.73) (end 1.65 -0.73) (layer F.CrtYd) (width 0.05))
    (fp_line (start 1.65 -0.73) (end 1.65 0.73) (layer F.CrtYd) (width 0.05))
    (fp_line (start 1.65 0.73) (end -1.65 0.73) (layer F.CrtYd) (width 0.05))
    (fp_text user %R (at 0 0 270) (layer F.Fab)
      (effects (font (size 0.4 0.4) (thickness 0.06)))
    )
    (pad 1 smd roundrect (at -0.875 0 90) (size 1.05 0.95) (layers Front F.Paste F.Mask) (roundrect_rratio 0.25)
      (net 41 /IO4_VBAT_12V))
    (pad 2 smd roundrect (at 0.875 0 90) (size 1.05 0.95) (layers Front F.Paste F.Mask) (roundrect_rratio 0.25)
      (net 1 GND))
    (model ${KISYS3DMOD}/Capacitor_SMD.3dshapes/C_0603_1608Metric.wrl
      (at (xyz 0 0 0))
      (scale (xyz 1 1 1))
      (rotate (xyz 0 0 0))
    )
  )

  (module Capacitor_SMD:C_0603_1608Metric_Pad1.05x0.95mm_HandSolder (layer Front) (tedit 5B301BBE) (tstamp 609A500D)
    (at 171.2 85.1 90)
    (descr "Capacitor SMD 0603 (1608 Metric), square (rectangular) end terminal, IPC_7351 nominal with elongated pad for handsoldering. (Body size source: http://www.tortai-tech.com/upload/download/2011102023233369053.pdf), generated with kicad-footprint-generator")
    (tags "capacitor handsolder")
    (path /60A1DFA0)
    (attr smd)
    (fp_text reference C10 (at 3.1 -0.4 90) (layer F.SilkS)
      (effects (font (size 1 1) (thickness 0.15)))
    )
    (fp_text value 100nF (at 0 1.43 270) (layer F.Fab)
      (effects (font (size 1 1) (thickness 0.15)))
    )
    (fp_line (start -0.8 0.4) (end -0.8 -0.4) (layer F.Fab) (width 0.1))
    (fp_line (start -0.8 -0.4) (end 0.8 -0.4) (layer F.Fab) (width 0.1))
    (fp_line (start 0.8 -0.4) (end 0.8 0.4) (layer F.Fab) (width 0.1))
    (fp_line (start 0.8 0.4) (end -0.8 0.4) (layer F.Fab) (width 0.1))
